This is just simple test data, get program working with this data before trying the larger data set.
data_array
11
12345
23456
123
4567
123456
7654
999
3453
997733
43
654321

494
2355
8625
3449
5532
8809
5025
7867
2760
7576
7565
2974
4543
5787
686
6958
7132
8999
1107
1992
6256
8096
2826
1576
7982
9902
5028
6559
8441
5528
7373
3317
7784
5999
6667
3317
4808
1692
1185
7469
9168
8650
443
3712
4437
1030
670
1569
9929
1678
3461
6186
9674
6188
7663
7657
6090
2691
4216
4532
8120
1590
7749
5904
7489
4417
9121
2297
6009
306
9667
5178
8856
110
8790
3294
1041
9361
4763
971
1039
8125
7057
713
4314
4720
8270
404
7312
2487
4837
5433
3977
2587
1337
1467
6904
459
3664
2914
665
3332
7992
9422
3342
6783
2716
4284
6144
7380
5155
7083
5505
2212
7697
9720
6833
5968
124
4146
8355
4861
9480
2333
7348
818
3700
4253
1177
7265
7067
1743
597
5060
1165
3840
1843
3782
8025
7888
1162
3180
4972
6568
5293
2669
6289
2127
8538
6313
6174
6893
1175
5654
9127
8424
6372
2828
2677
7449
9994
9645
9093
592
4705
258
4333
6449
3941
2358
4338
5004
5439
9210
1573
732
1880
7762
2759
418
4076
8834
7212
5151
4488
6340
3576
861
9068
6153
8211
9063
5799
7304
9555
504
7463
3889
6854
1404
6147
1192
6309
1586
403
7782
2219
2183
5544
4879
2501
9521
3713
9614
4672
8102
5954
8149
8863
5023
4303
7074
4086
102
4379
3642
507
1842
7431
7261
3147
3579
8354
9356
5066
8657
7138
7185
841
2683
2064
3243
2204
5678
2857
6777
3780
8712
4926
2643
3735
9129
9618
7721
9132
3998
1364
9539
5740
8695
6801
8787
2275
5155
8144
7241
3813
5283
4427
4554
7866
6391
7697
9971
2070
554
6749
5750
9166
1676
8294
2901
806
7913
623
9838
1911
1888
9377
7551
584
6178
6339
2759
1334
4484
9901
5047
9667
4328
9501
7534
720
7198
7505
2690
7653
4255
8340
6819
5831
6634
9621
6537
4548
245
6375
6359
2033
5753
3911
2517
1932
251
5177
3166
4635
5078
8114
4302
9306
7615
1836
9926
4814
9242
2616
2467
3497
957
9187
9229
7492
8809
5766
2040
8954
2142
8299
988
7795
2210
3405
9628
2362
8483
2795
6897
3561
909
1199
2867
8425
2935
2794
3239
2177
5311
5607
5575
6168
4795
4804
3661
3604
571
5601
2559
2613
3901
3447
409
6012
6753
9937
8274
5236
2732
5171
8697
3542
6270
1565
1967
9106
4259
5107
1284
9471
714
6759
5639
5409
1564
9201
8914
2035
4802
1473
4548
8603
4820
4858
4616
1573
4795
2890
6710
7428
7961
5407
971
4232
6873
2838
3339
1133
7846
4523
604
8461
1283
6144
3870
2747
5345
2784
4682
147
4157
9131
8651
8878
3989
3267
451
8685
6058
7061
6114
4019
2469
6985
8152
9242
9724
1491
375
7571
5915
879
6032
7098
6924
9802
9745
2269
2587
4428
2316
6645
3559
968
5523
7449
4136
5875
6134
194
2937
2249
4114
5307
9135
2266
4550
8859
3658
4826
6430
9473
5606
2463
6571
2530
